### UpCloud 80$ - CPU 6 core - 8 GB ram - 1 GB swap
## date: 2016.09.05.
## mongoDB v3.2 - WiredTiger storage engine
## mongo-perf r20160805
## options: disabled transparent huge pages

# using 1,2,4,6 thread - result: ops/sec or docs/sec
$ python benchrun.py -f testcases/* -t 1 2 4 6 --includeFilter % --trialTime 10 --out out

Insert.SingleIndex.Seq
1       16605.103138035
2       29856.019282760353
4       26073.561197750656
6       23505.024956040073
Insert.SingleIndex.Uncontested.Rnd
1       15839.956272948879
2       29095.61701275759
4       25223.994526900242
6       22939.21777267395
Insert.SingleIndex.Contested.Rnd
1       15868.41754216775
2       28822.641719996653
4       25687.173232973113
6       23265.871734966237
Insert.MultiIndex.Uncontested.Rnd
1       13567.834070452218
2       23234.184108104466
4       19627.20529567954
6       18060.805990103487
Insert.MultiIndex.Contested.Rnd
1       13492.139601705689
2       22743.194890900864
4       19435.35192307577
6       18061.7998622661
Insert.MultiKeyIndex.Uncontested.Rnd
1       12159.534922138697
2       20534.24179846023
4       17763.5368958804
6       16455.808219054805
Insert.MultiKeyIndex.Contested.Rnd
1       12201.079111619363
2       20670.345252404444
4       17527.600463386792
6       16451.370850909116
Update.SetWithIndex.Random
1       11859.133097370583
2       22371.82056984724
4       19359.67081069865
6       17883.298974680194
Update.SetWithMultiIndex.Random
1       10554.318199704068
2       19929.619696165322
4       16087.84514807845
6       14829.61531354318
Update.SetWithMultiIndex.String
1       10248.59707777786
2       19875.058773695222
4       17477.83197046096
6       16273.986300684965
Insert.DocValidation.OneInt.Compare
1       17377.575039346764
2       33053.895113719416
4       31977.633406134693
6       27998.490049073403
Insert.DocValidation.OneInt
1       17549.15603654168
2       33128.544669181545
4       32165.099089032683
6       28157.77256056082
Insert.DocValidation.TenInt.Compare
1       15934.398839861926
2       30142.50566290713
4       31656.818076593507
6       25645.976744837186
Insert.DocValidation.TenInt
1       15757.433699370482
2       30138.02737747983
4       31700.24870410571
6       26763.257933320747
Insert.DocValidation.TwentyInt.Compare
1       14377.259899759674
2       27401.305391673002
4       27934.525085074532
6       25759.05510299262
Insert.DocValidation.TwentyInt
1       14551.36717812515
2       27395.73975157217
4       30614.051990759854
6       25455.058162847974
Update.DocValidation.OneNum.Compare
1       13963.60117893477
2       26588.983135591254
4       24603.38808819309
6       22154.50274263892
Update.DocValidation.OneNum
1       13873.872576607193
2       26815.836867425787
4       24301.723291462094
6       22526.55887621297
Update.DocValidation.TenNum.Compare
1       12056.807019589425
2       22554.981235431584
4       19922.242565995322
6       18273.8753419077
Update.DocValidation.TenNum
1       12081.655672813326
2       23155.872046117347
4       19761.72019682523
6       18439.773898129362
Update.DocValidation.TwentyNum.Compare
1       10463.060395916935
2       19812.13441484125
4       15888.800992202594
6       15101.635005523147
Update.DocValidation.TwentyNum
1       10465.79382386167
2       19592.061137830515
4       15988.367151482014
6       14945.562913205342
MultiUpdate.BigAllDocs.NoIndex
1       4.847029720403541
2       4.519557133404538
4       4.184705680614322
6       4.000518543403578
MultiUpdate.BigAllDocs.Indexed
1       0.7773520048102542
2       0.7067316989397169
4       0.6480279429649006
6       0.45412686654657025
MultiUpdate.BigAllDocsMultiChange.NoIndex
1       4.160533182233334
2       3.747232594770224
4       3.525478091552945
6       3.347434712005314
MultiUpdate.BigAllDocsMultiChange.Indexed
1       0.6268222618612682
2       0.530128201786585
4       0.3647683392754096
6       0.34543060083335136
MultiUpdate.Contended.AllDocs.NoIndex
1       159.7633065149458
2       146.20569263448877
4       143.95222225743277
6       140.22230374965417
MultiUpdate.Contended.AllDocs.Indexed
1       30.77259085332694
2       28.68134241828133
4       27.599867680056754
6       27.26239494135928
Mixed.FindOneUpdateIntId-50-50
1       24304.1649554473
2       47070.195003007924
4       49060.05158226683
6       43624.211743005544
Mixed.FindThenUpdate-50-50
1       16213.34654904523
2       30738.234617958013
4       29951.492469778164
6       28086.393396100193
Inserts.PartialIndex.FilteredRange
1       15476.661061122762
2       28405.565975359663
4       25257.332177101816
6       22943.96576759348
Inserts.PartialIndex.NonFilteredRange
1       15346.793064138717
2       27971.479033165462
4       25185.540138848362
6       23212.429720437685
Inserts.PartialIndex.FullRange
1       15500.560537724225
2       28129.072721678305
4       25732.636884812808
6       23095.890657512795
Queries.PartialIndex.FilteredRange
1       25452.621490715974
2       50594.3324595851
4       100261.96468211694
6       142404.8148815904
Queries.PartialIndex.NonFilteredRange
1       25370.4560170197
2       50076.168583264356
4       100065.94851615839
6       146928.163213716
Queries.PartialIndex.FullRange
1       25811.36953824207
2       51072.45812185432
4       101430.4931067296
6       150241.49000115698
Queries.PartialIndex.AllInFilter.FilteredRange
1       25389.20744937548
2       50267.85389293124
4       100196.03596165919
6       148973.69501294725
Queries.PartialIndex.AllInFilter.FullRange
1       25523.884874374526
2       50975.54480622251
4       100828.01203213891
6       143396.13056822304
Aggregation.Empty
setting random seed: 258
1       235.57603988781102
setting random seed: 258
2       281.8185088802811
setting random seed: 258
4       275.79889212614654
setting random seed: 258
6       276.77896169373196
Aggregation.GeoNear2d
setting random seed: 258
1       524.4136815080238
setting random seed: 258
2       1028.4140245875444
setting random seed: 258
4       2009.1873704451586
setting random seed: 258
6       2942.68998036707
Aggregation.GeoNear2dSphere
setting random seed: 258
1       607.8078563289805
setting random seed: 258
2       1194.3394469900375
setting random seed: 258
4       2327.630837749133
setting random seed: 258
6       3391.0187793812142
Aggregation.Group.All
setting random seed: 258
1       4290.791013908247
setting random seed: 258
2       8307.503422127831
setting random seed: 258
4       16044.637321760694
setting random seed: 258
6       23591.510600050377
Aggregation.Group.TenGroups
setting random seed: 258
1       3699.445733112929
setting random seed: 258
2       7262.747982645003
setting random seed: 258
4       14039.980836845094
setting random seed: 258
6       20686.13325101678
Aggregation.Group.TenGroupsWithAvg
setting random seed: 258
1       3342.0843638810097
setting random seed: 258
2       6556.283642639793
setting random seed: 258
4       12705.733324293737
setting random seed: 258
6       18560.020479139876
Aggregation.Limit
setting random seed: 258
1       1509.5762147503906
setting random seed: 258
2       2927.4050348246806
setting random seed: 258
4       5601.743729098829
setting random seed: 258
6       7532.938607990219
Aggregation.Lookup
1       22339.446509235862      Errors: 223399
2       41535.694207532375      Errors: 415365
4       72248.9477961493        Errors: 722504
6       85718.18277452518       Errors: 857200
Aggregation.LookupOrders
setting random seed: 1554098974
1       21760.521366928217      Errors: 217609
setting random seed: 1554098974
2       40731.556856773066      Errors: 407324
setting random seed: 1554098974
4       71109.26314585286       Errors: 711106
setting random seed: 1554098974
6       89434.32591365518       Errors: 894370
Aggregation.Match
setting random seed: 258
1       2071.2049316936354
setting random seed: 258
2       4053.948655183379
setting random seed: 258
4       8001.060741765277
setting random seed: 258
6       11845.59874055456
Aggregation.Out
setting random seed: 258
1       79.23820212616181
setting random seed: 258
2       107.01325023132283
setting random seed: 258
4       129.31369775564343
setting random seed: 258
6       147.32485744095337
Aggregation.Project
setting random seed: 258
1       2384.144687843242
setting random seed: 258
2       4566.705447498636
setting random seed: 258
4       8958.494180213636
setting random seed: 258
6       12514.731713326508
Aggregation.Redact
setting random seed: 258
1       2862.932434794539
setting random seed: 258
2       5643.836432838586
setting random seed: 258
4       10928.19402461666
setting random seed: 258
6       16182.110313016723
Aggregation.Sample.SmallSample
setting random seed: 258
1       22859.79246623909       Errors: 228607
setting random seed: 258
2       42176.053483853335      Errors: 421768
setting random seed: 258
4       74138.63584910036       Errors: 741400
setting random seed: 258
6       91019.81467187489       Errors: 910227
Aggregation.Sample.LargeSample
setting random seed: 258
1       22696.725504029182      Errors: 226971
setting random seed: 258
2       42611.28612443503       Errors: 426121
setting random seed: 258
4       75727.41418832036       Errors: 757288
setting random seed: 258
6       90175.05194761041       Errors: 901792
Aggregation.Skip
setting random seed: 258
1       766.2557870410877
setting random seed: 258
2       1455.7778483003494
setting random seed: 258
4       2519.363646216475
setting random seed: 258
6       3054.0322554037207
Aggregation.Sort
setting random seed: 258
1       2519.401491401686
setting random seed: 258
2       4979.8560821592255
setting random seed: 258
4       9743.199199561142
setting random seed: 258
6       14676.741014328458
Aggregation.Unwind
setting random seed: 258
1       21695.18128300124       Errors: 216956
setting random seed: 258
2       39098.46269505807       Errors: 390991
setting random seed: 258
4       66838.86296444626       Errors: 668403
setting random seed: 258
6       77852.08188440326       Errors: 778536
Aggregation.SortWithLimit
setting random seed: 258
1       3578.5391648341974
setting random seed: 258
2       7065.8272590678
setting random seed: 258
4       13827.198516864517
setting random seed: 258
6       20275.47008307701
Aggregation.UnwindThenGroup
setting random seed: 258
1       5.964751302179769
setting random seed: 258
2       11.75466460953395
setting random seed: 258
4       22.027514725983618
setting random seed: 258
6       30.996460184503963
Queries.UniqueIdx.Simple
1       25456.705421065973
2       50159.05732783689
4       99128.67690366806
6       142890.44230770192
Queries.UniqueIdx.HaveNonUniqueIndices
1       24444.286891551532
2       48487.17327451615
4       96421.45228666381
6       134625.67840866762
Queries.UniqueIdx.MultipleUniqueIndices
1       24842.793207018578
2       48441.06336124407
4       95644.29582549183
6       143259.3634646034
Queries.UniqueIdx.MultikeySimple
1       12497.761292759309
2       24238.754006926272
4       46486.08887265809
6       62245.601102128145
Queries.UniqueIdx.MultikeyWithUniqueIdx
1       13189.199286256273
2       26038.41568546825
4       51398.62720200762
6       74746.17053348236
Queries.UniqueIdx.ManyIdxIsect
1       13038.64183489167
2       25647.192161545772
4       50279.554185272944
6       67928.59454904513
Queries.UniqueIdx.ManyIdxIsectRangePredicates
1       12763.802603399341
2       24882.89487723399
4       49438.44875581155
6       73208.55529948318
Commands.isMaster
1       44535.75625287058
2       88318.3515790341
4       177812.77505859415
6       257976.85614484342
Commands.buildInfo
1       41016.23963854182
2       80870.18694719579
4       162576.08743368738
6       236906.69103959782
Commands.illegalOp
1       49255.00355893523       Errors: 492559
2       97468.97226816312       Errors: 974706
4       195041.210910684        Errors: 1950440
6       285305.2916038009       Errors: 2853094
Commands.nop
1       1426347.4576008483
2       2853658.1365961256
4       5716160.1771430895
6       8313163.266785625
Commands.CountsFullCollection
1       31881.13570389804
2       63056.38390200493
4       123715.1762104053
6       181516.83236553302
Commands.CountsIntIDRange
1       11977.426914666346
2       23970.007940803862
4       47045.41204634703
6       64574.66239722122
Commands.FindAndModifyInserts
1       31043.538111960173
2       58798.229915224685
4       47261.671947018294
6       43767.47251520922
Commands.FindAndModifySortedUpdate
setting random seed: 22002
1       142.6085878951592
setting random seed: 22002
2       131.18519983162733
setting random seed: 22002
4       131.87179424163827
setting random seed: 22002
6       131.3285310134225
Commands.FindAndModifySortedDelete
setting random seed: 22002
# ERROR MESSAGE
1       0
2       0
4       0
6       0
Commands.FindAndModifySortedUpdateIndexed
setting random seed: 22002
1       10440.857772099687
setting random seed: 22002
2       13435.322467438666
setting random seed: 22002
4       13070.306608079994
setting random seed: 22002
6       12646.49081003336
Commands.FindAndModifySortedDeleteIndexed
setting random seed: 22002
# ERROR MESSAGE
1       0
2       0
4       0
6       0
Commands.DistinctWithIndex
1       9351.377437216996
2       15788.987378049917
4       21755.384247858245
6       21619.17143392268
Commands.DistinctWithIndexAndQuery
1       9691.207144977814
2       18443.72968489304
4       22594.406351725003
6       22379.66747636988
Commands.DistinctWithoutIndex
1       261.9431583346414
2       504.7196636641728
4       1021.4462731556063
6       1476.7165492913748
Commands.DistinctWithoutIndexAndQuery
1       231.7860464800019
2       463.41254962367725
4       904.3709898338984
6       1297.9270353883046
Geo.geoJSON.nearSphere.2dsphere.find
1       203.91985949521836
2       393.68480782523034
4       762.1807986815122
6       1122.4925070551817
Geo.geoJSON.nearSphere.2dsphere.withFilter.find30
1       43.62442940094874
2       82.76450622685601
4       158.42001375500723
6       227.97090233277586
Geo.geoJSON.nearSphere.2dsphere.findOne
1       44.164487335733334
2       86.34606824577368
4       161.6255620603747
6       236.81842132092007
Geo.geoJSON.within.2dsphere.centersphere
1       656.8255159864871
2       1269.4224078051482
4       2565.9166520521835
6       3766.3145481472243
Geo.near.2d.find100
1       1244.1135341093793
2       2405.769847851231
4       4650.648876009861
6       6757.816093333173
Geo.near.2d.withFilter.find30
1       118.82194586376208
2       228.2456202562244
4       429.9871393303125
6       623.3325728709268
Geo.near.2d.findOne
1       6050.582179041554
2       12140.797694137416
4       24050.986699839155
6       35697.28267505227
Geo.within.2d.find
1       2481.3995033201154
2       4778.207438240239
4       8704.67336726128
6       12369.246712875185
Insert.Empty
1       18262.86672429165
2       34197.57501140976
4       30707.653804012563
6       28247.862743611826
Insert.EmptyCapped
1       16209.67580648387
2       30351.69887575597
4       26305.276644841015
6       24175.323316937996
Insert.EmptyCapped.SeqIntID
1       15320.105853967603
2       27976.250950977937
4       23905.044600590623
6       21686.19568563991
Insert.JustID
1       17746.980554350022
2       33027.42624050469
4       30825.587928918845
6       27585.22969308791
Insert.IntVector
1       1853.7764935182304
2       2089.6123528107178
4       2091.0334904282854
6       2049.2860390614032
Insert.LargeDocVector
1       607.7876361434883
2       718.1271483845588
4       766.0587680939271
6       718.8148386635186
Insert.SeqIntID.Indexed
1       16149.233537646627
2       28916.676608153393
4       25182.00021498549
6       22833.459675917024
Insert.IntIDUpsert
1       13472.429204172995
2       24210.264953144535
4       21155.45475862986
6       19709.42490153437
Insert.JustNum
1       17244.56200658467
2       33204.19939139284
4       32060.143994155358
6       27083.869761358485
Insert.JustNumIndexed
1       16326.252250827056
2       28935.14155176805
4       25469.112333966983
6       22977.0473497275
MultiUpdate.Uncontended.SingleDoc.NoIndex
1       13683.66748688007
2       26253.043673908152
4       25050.871223132297
6       22122.8602255694
MultiUpdate.Uncontended.SingleDoc.Indexed
1       11645.839133203417
2       21663.680071678282
4       18757.345368646635
6       17382.704069959986
MultiUpdate.Uncontended.TwoDocs.NoIndex
1       9439.032875369627
2       18112.345762219677
4       14844.392321782596
6       14255.49953040931
MultiUpdate.Uncontended.TwoDocs.Indexed
1       7810.991446528378
2       11490.510439136933
4       11051.83902345375
6       10911.770705426388
MultiUpdate.Contended.Low.NoIndex
1       13561.355541569244
2       26039.51931871919
4       24960.19224515737
6       22036.681905295973
MultiUpdate.Contended.Low.Indexed
1       11475.685404682932
2       21882.46016255073
4       18107.882521206026
6       16877.27638891222
MultiUpdate.Contended.Medium.NoIndex
1       104.73691695491804
2       98.36925741996312
4       94.69269874390984
6       93.23204041952229
MultiUpdate.Contended.Medium.Indexed
1       35.49978056947432
2       33.027095988315395
4       33.35919663906094
6       32.7308742920836
MultiUpdate.Contended.Hot.NoIndex
1       5518.256525330341
2       7020.131830964057
4       6930.269141383769
6       6834.095865925453
MultiUpdate.Contended.Hot.Indexed
1       3041.9533778471878
2       3400.669434612333
4       3382.4917332477967
6       3346.9185673796815
MultiUpdate.Contended.Doc.Seq.NoIndex
1       14064.886353034328
2       27332.060429785943
4       25021.166879810422
6       22991.92054418482
MultiUpdate.Contended.Doc.Seq.Indexed
1       12013.715274947983
2       23252.183817128844
4       18485.235070729308
6       17763.077373509994
MultiUpdate.Contended.Doc.Rnd.NoIndex
1       17266.51855574754
2       33072.3650105918
4       36933.45763750149
6       30507.68952010147
MultiUpdate.Contended.Doc.Rnd.Indexed
1       17111.321085466305
2       33298.470658904545
4       36003.761922880585
6       30408.680960540652
Queries.Empty
1       18523.97024389034
2       36770.75651176104
4       72343.75184371055
6       106442.12998656245
Queries.NoMatch
1       15257.094858102839
2       30048.32607697193
4       59555.949325064175
6       87337.00084046344
Queries.IntIdFindOne
1       23700.28998498326
2       47097.17218570794
4       93173.39059107243
6       135947.8469246881
Queries.IntNonIdFindOne
1       15644.377725818847
2       31018.511389047162
4       61376.692676445986
6       91285.12948213048
Queries.IntIDRange
1       11151.787000868284
2       22089.833308767073
4       43079.53071055901
6       62738.650737167976
Queries.IntNonIDRange
1       10999.442613042855
2       21558.989051959466
4       42422.34125508764
6       59998.16009015559
Queries.RegexPrefixFindOne
1       16105.776273896894
2       31853.69796510846
4       63216.52531906957
6       89917.51963311127
Queries.TwoInts
1       8878.290472344854
2       17336.456186721618
4       33980.28787111988
6       49614.75963100923
Queries.IntNonIdFindOneProjectionCovered
1       14138.477642709746
2       28013.992946727667
4       55696.13797765302
6       82210.18153855538
Queries.IntNonIdFindOneProjection
1       14049.848507711713
2       27829.95453289115
4       55069.1096316293
6       74455.00806012198
Queries.IntNonIdFindProjectionCovered
1       9256.438012334784
2       17997.31047315513
4       34868.52828679283
6       49447.14293685527
Queries.FindProjection
1       12245.030609326594
2       24042.70231606206
4       46879.98897619071
6       67479.42098154903
Queries.FindWideDocProjection
1       5744.360412041988
2       11456.71129087547
4       22900.767175450386
6       33982.13150925199
Queries.FindProjectionThreeFieldsCovered
1       12570.464932305766
2       25023.64447509265
4       49996.59006888061
6       73937.50331866936
Queries.FindProjectionThreeFields
1       10892.999568807933
2       21774.097018358876
4       42520.46234689176
6       62559.66757454878
Queries.FindProjectionDottedField
1       9463.528710130347
2       19035.02881693807
4       37753.80717004943
6       55807.27782061573
Queries.FindProjectionDottedField.Indexed
1       13287.011671846722
2       26489.286107849508
4       52780.82854918045
6       78381.29318348975
Queries.LargeDocs
1       2.9932418585318072
2       5.157420530718034
4       8.679092298096348
6       10.08961209092989
Remove.IntId
1       22971.370435372857
2       43388.49922932322
4       41235.55365160848
6       36068.111656335095
Remove.IntNonIdNoIndex
1       2098.817936218694
2       1568.240823556409
4       1561.7853917134305
6       1556.0610437487933
Remove.IntNonIdIndex
1       17697.37349329881
2       32938.5555886437
4       29451.966235985117
6       27637.784441460582
Queries.Text.FindSingle
1       13972.100997038664
2       27680.51594111364
4       54921.21919378733
6       75949.23544574981
Queries.Text.FindSingleLargeDocuments
1       99.88658523160339
2       166.95824374323982
4       286.90751052560097
6       367.14827195546667
Queries.Text.FindSingleCaseSensitive
1       17726.402196443098
2       33042.50523490577
4       57175.262212281974
6       62868.147156765226
Queries.Text.FindThreeWords
1       11261.853365411298
2       22168.310080347226
4       43101.08712445258
6       62247.06816308953
Queries.Text.FindThreeWordsCaseSensitive
1       17287.887089243686
2       33203.422650177934
4       58569.75788972115
6       63323.459922388014
Queries.Text.FindPhrase
1       17628.789733300695
2       33703.76414664917
4       58019.110608232535
6       63627.46021546279
Queries.Text.FindPhraseCaseSensitive
1       17458.857806386994
2       33410.098618224874
4       58744.08399746125
6       64189.114528871134
Update.IncNoIndex
1       13956.76085071133
2       26793.518580646803
4       24674.564697971997
6       22832.95014927379
Update.IncWithIndex
1       11797.480288284189
2       22414.677738008704
4       18492.282499439025
6       18169.187837303674
Update.IncNoIndexUpsert
1       13874.083670892303
2       26784.050926956
4       25311.24696982818
6       23222.19201229232
Update.IncWithIndexUpsert
1       12265.879214174145
2       23402.250047123893
4       18681.028360532167
6       17627.00936207385
Update.IncFewSmallDoc
1       12754.644907101858
2       24306.89475832052
4       21858.609267947133
6       20102.745633310584
Update.IncFewLargeDoc
1       12390.11502735437
2       23795.68363366515
4       20599.637629892703
6       19050.525550358958
Update.IncFewSmallDocLongFields
1       12675.664232645273
2       24449.83520880668
4       21811.971815211724
6       20415.63222583668
Update.IncFewLargeDocLongFields
1       12479.29176149349
2       24403.846032695055
4       21419.83170125092
6       19433.769122459034
Update.SingleDocFieldAtOffset
1       18023.1449440446
2       34600.27685421375
4       29182.966145083356
6       26905.755162607642
Update.FieldAtOffset
1       581.068622294396
2       801.4982628872314
4       964.711069034824
6       1051.824231415723
Update.MmsIncShallow1
1       14807.59496354375
2       28153.233216549415
4       25400.21099261526
6       23530.606998225187
Update.MmsIncShallow2
1       14404.370139923796
2       27638.938429728227
4       24436.52009554417
6       22230.813029218767
Update.MmsIncDeep1
1       13682.049618491981
2       26359.35600394943
4       22449.07183251007
6       21245.47457492552
Update.MmsIncDeepSharedPath2
1       13042.821758169013
2       25238.27156703798
4       20862.029915608924
6       20128.588343015443
Update.MmsIncDeepSharedPath3
1       12471.414404610136
2       24172.713494936743
4       19334.21610667358
6       18544.044981683444
Update.MmsIncDeepDistinctPath2
1       12767.702512531458
2       24133.63044632147
4       20082.269416740317
6       18780.599919665136
Update.MmsIncDeepDistinctPath3
1       12027.142619147951
2       23071.238575228497
4       18481.810628463558
6       17470.440872796084
Update.MmsIncDeepDistinctPath4
1       12011.899702507439
2       23108.970804568577
4       18471.102304428005
6       17416.733078883717
Where.CompareToInt.QueryLanguage
1       5892.107917281897
2       11620.431632317255
4       21183.700501275816
6       32718.221725170417
Where.CompareToInt.Where.DoubleEquals
1       182.64533425145854
2       319.1574642764541
4       474.4866785193459
6       476.8304823197748
Where.CompareToInt.Where.TripleEquals
1       180.5670104071986
2       311.88999639827034
4       471.24529541445463
6       475.397458214908
Where.SimpleNested.Where
1       293.5889904128595
2       548.6564313426933
4       983.5457187882613
6       1332.3137472525211
Where.SimpleNested.QueryLanguage
1       19241.245961074314
2       38080.76785925354
4       75495.03539631331
6       109895.53396396148
Where.CompareFields.Equals
1       165.9563700703085
2       297.71223443328904
4       451.6977513880743
6       478.9124130959359
Where.CompareFields.Gt
1       297.66672086060777
2       533.6246446497313
4       895.6824093327531
6       1066.2893709342286
Where.CompareFields.Gte
1       292.4469872417005
2       538.5683496103101
4       879.3660338904815
6       1060.6234450952463
Where.CompareFields.Lt
1       282.57117192722825
2       524.1494719909001
4       856.7918852510726
6       1047.3745959966016
Where.CompareFields.Lte
1       281.6180184364863
2       516.7209335231673
4       882.8387281647035
6       1042.7071255017684
Where.Mixed
1       161.65641677062433
2       298.4257193798822
4       681.5361156697261
6       651.4768539038698
Where.ComplexNested
1       19.228027570002723
2       34.862752316679696
4       56.78629546794642
6       69.01068999453385
Where.ReallyBigNestedComparison.Where
1       51.88691930764254
2       100.67611645223353
4       162.16136333771223
6       174.4685393023054
Where.ReallyBigNestedComparison.QueryLanguage
1       19392.87723527627
2       38597.29717621873
4       76883.36233275334
6       114938.68628758797
Finished Testing.
